Wavelets: d = 2, d_ = 2, dmw = 2, j0 = 2

Parameters Training: 

###### RB Training Parameters ######################
# Training Type:        weak Greedy         
# tol:                  0.01                
# Nmax:                 40                  
# Min_Param:            [ 0.01    0  ]
# Max_Param:            [   10    1  ]
# Nb of train. params:  [   20    9  ]
# Log Scaling:          [    1    0  ]
# print_info:                   true                
# print in folder:              training_data_stempel
# verbose:                      true                
# write during training:        true                
# print_paramset:               true                
# erase snapshot params:        false               
# orthonormalize bfs:           false               
# tighten tolerance:            true                 (at repeated param choice)
# tighten tolerance Riesz A:    false               
# tighten tolerance Riesz F:    false               
# tighten tolerance red.:       0.1                 
# update snapshots:             true                
# update Riesz Repr F:          false               
# update Riesz Repr A:          false       
# test estimator equivalence:   false                (no adjustment)
#  riesz_constant_X:            5.6                 
#  riesz_constant_Y:            2                   
# write direct representors:    false               
# min_error_reduction (if conv_rate_degrad.):0.5                 
# reference sol accuracy (w.r.t snapshot acc):0.1                 
# read in truth sols? :         0                   
#       yes: how many?:         0                   
####################################################

###### RB Parameters #################
# SolverType:           cg                  
# Ref_Param:            [    1    1  ]
# verbose:              true                
#########################################

Parameters Truth Solver: 

###### AWGM Parameters #################
# tol:                  1e-06               
# alpha:                0.95                
# max_its:              100                 
# max_basissize:        10000000            
# print_info:           true                
# verbose:              true                
# plot_solution:        false               
# hashmapsize:          10                  
# info_filename:        awgm_cg_conv_info.txt
# plot_filename:        awgm_cg_u_plot      
# clear solver:         0                   
#########################################

###### Inner Solver Parameters ##########
# adaptive_tol:   true            
# max_its:        200             
# init_tol:       0.001           
# res_reduction:  0.1             
# absolute_tol:   1e-08           
# verbose:        true            
#########################################

Parameters Riesz Solver F : 

###### AWGM Parameters #################
# tol:                  0.0005              
# alpha:                0.95                
# max_its:              100                 
# max_basissize:        400000              
# print_info:           true                
# verbose:              true                
# plot_solution:        false               
# hashmapsize:          10                  
# info_filename:        stempel_rieszF_conv_info.txt
# plot_filename:        awgm_cg_u_plot      
# clear solver:         0                   
#########################################

Parameters Riesz Solver A : 

###### AWGM Parameters #################
# tol:                  0.0005              
# alpha:                0.95                
# max_its:              100                 
# max_basissize:        400000              
# print_info:           true                
# verbose:              true                
# plot_solution:        false               
# hashmapsize:          10                  
# info_filename:        stempel_rieszA_conv_info.txt
# plot_filename:        awgm_cg_u_plot      
# clear solver:         0                   
#########################################

Parameters Riesz Solver Res : 

###### AWGM Parameters #################
# tol:                  0.0005              
# alpha:                0.95                
# max_its:              100                 
# max_basissize:        400000              
# print_info:           false               
# verbose:              true                
# plot_solution:        false               
# hashmapsize:          10                  
# info_filename:        awgm_cg_conv_info.txt
# plot_filename:        awgm_cg_u_plot      
# clear solver:         0                   
#########################################

 Read training_data_stempel/representors/F_representor_1.txt
      Set accuracy to 0.0005
 Read training_data_stempel/representors/F_representor_2.txt
      Set accuracy to 0.0005
 Read training_data_stempel/representors/F_representor_3.txt
      Set accuracy to 0.0005
 Read training_data_stempel/representors/F_representor_4.txt
      Set accuracy to 0.0005
 Read training_data_stempel/representors/F_representor_5.txt
      Set accuracy to 0.0005
 Read training_data_stempel/representors/F_representor_6.txt
      Set accuracy to 0.0005
 Read training_data_stempel/representors/F_representor_7.txt
      Set accuracy to 0.0005
 Read training_data_stempel/representors/F_representor_8.txt
      Set accuracy to 0.0005
 Read training_data_stempel/representors/F_representor_9.txt
      Set accuracy to 0.0005
 Read training_data_stempel/representors/A_representor_1_1.txt
      Set accuracy to 0.0005
 Read training_data_stempel/representors/A_representor_2_1.txt
      Set accuracy to 0.0005
 Read training_data_stempel/representors/A_representor_1_2.txt
      Set accuracy to 0.0005
 Read training_data_stempel/representors/A_representor_2_2.txt
      Set accuracy to 0.0005
 Read training_data_stempel/representors/A_representor_1_3.txt
      Set accuracy to 0.0005
 Read training_data_stempel/representors/A_representor_2_3.txt
      Set accuracy to 0.0005
 Read training_data_stempel/representors/A_representor_1_4.txt
      Set accuracy to 0.0005
 Read training_data_stempel/representors/A_representor_2_4.txt
      Set accuracy to 0.0005
 Read training_data_stempel/representors/A_representor_1_5.txt
      Set accuracy to 0.0005
 Read training_data_stempel/representors/A_representor_2_5.txt
      Set accuracy to 0.0005
 Read training_data_stempel/representors/A_representor_1_6.txt
      Set accuracy to 0.0005
 Read training_data_stempel/representors/A_representor_2_6.txt
      Set accuracy to 0.0005
 Read training_data_stempel/representors/A_representor_1_7.txt
      Set accuracy to 0.0005
 Read training_data_stempel/representors/A_representor_2_7.txt
      Set accuracy to 0.0005
 Read training_data_stempel/representors/A_representor_1_8.txt
      Set accuracy to 0.0005
 Read training_data_stempel/representors/A_representor_2_8.txt
      Set accuracy to 0.0005
 Read training_data_stempel/representors/A_representor_1_9.txt
      Set accuracy to 0.0005
 Read training_data_stempel/representors/A_representor_2_9.txt
      Set accuracy to 0.0005
 Read training_data_stempel/representors/A_representor_1_10.txt
      Set accuracy to 0.0005
 Read training_data_stempel/representors/A_representor_2_10.txt
      Set accuracy to 0.0005
 Read training_data_stempel/representors/A_representor_1_11.txt
      Set accuracy to 0.0005
 Read training_data_stempel/representors/A_representor_2_11.txt
      Set accuracy to 0.0005
 Read training_data_stempel/representors/A_representor_1_12.txt
      Set accuracy to 0.0005
 Read training_data_stempel/representors/A_representor_2_12.txt
      Set accuracy to 0.0005
 Read training_data_stempel/bf/bf_1.txt
 Read training_data_stempel/bf/bf_2.txt
 Read training_data_stempel/bf/bf_3.txt
 Read training_data_stempel/bf/bf_4.txt
 Read training_data_stempel/bf/bf_5.txt
 Read training_data_stempel/bf/bf_6.txt
 Read training_data_stempel/bf/bf_7.txt
 Read training_data_stempel/bf/bf_8.txt
 Read training_data_stempel/bf/bf_9.txt
 Read training_data_stempel/bf/bf_10.txt
 Read training_data_stempel/bf/bf_11.txt
 Read training_data_stempel/bf/bf_12.txt

||------- RB_A (0)  -----------------------------------------||

0.980978      0.529815      0.176126      0.154394      0.0253017     0.0140927     0.0152775     0.0197422     0.00580906    0.974177      0.175815      0.0156312     
0.529815      0.978851      0.150833      0.237457      0.00415523    0.00253118    0.0192019     0.0264836     0.000890227   0.525223      0.149751      0.0191572     
0.176126      0.150833      0.982753      0.498608      0.013727      0.0237313     0.254989      0.217703      0.0167391     0.175695      0.976409      0.254515      
0.154394      0.237457      0.498608      0.980427      0.00249354    0.00386854    0.216743      0.347033      0.00306672    0.153181      0.494621      0.215415      
0.0253017     0.00415523    0.013727      0.00249354    0.268025      0.182559      0.00550041    0.000930063   0.0931805     0.0510231     0.0289383     0.0119804     
0.0140927     0.00253118    0.0237313     0.00386854    0.182559      0.26381       0.0155699     0.00292972    0.210945      0.0297313     0.0479842     0.0325547     
0.0152775     0.0192019     0.254989      0.216743      0.00550041    0.0155699     0.984267      0.492373      0.0214441     0.015604      0.254145      0.978975      
0.0197422     0.0264836     0.217703      0.347033      0.000930063   0.00292972    0.492373      0.981523      0.00346601    0.0196592     0.216062      0.489077      
0.00580906    0.000890227   0.0167391     0.00306672    0.0931805     0.210945      0.0214441     0.00346601    0.235352      0.013032      0.0351445     0.0426423     
0.974177      0.525223      0.175695      0.153181      0.0510231     0.0297313     0.015604      0.0196592     0.013032      0.969966      0.176655      0.0164418     
0.175815      0.149751      0.976409      0.494621      0.0289383     0.0479842     0.254145      0.216062      0.0351445     0.176655      0.972453      0.255108      
0.0156312     0.0191572     0.254515      0.215415      0.0119804     0.0325547     0.978975      0.489077      0.0426423     0.0164418     0.255108      0.97573       


||------- RB_A (1)  -----------------------------------------||

0.00246395    0.000390886   0.00120418    0.000236141   0.0284085     0.0161926     0.000456436   0.00010073    0.00715098    0.00499935    0.0024443     0.00092773    
0.000390886   6.54173e-05   0.000230694   4.43101e-05   0.00418723    0.00285222    9.79728e-05   2.09071e-05   0.00145584    0.000792774   0.000468201   0.000199128   
0.00120418    0.000230694   0.00227942    0.000365992   0.0157302     0.026766      0.00136222    0.000256593   0.0193821     0.00244264    0.00462826    0.00276922    
0.000236141   4.43101e-05   0.000365992   6.36647e-05   0.00283618    0.00409807    0.000255461   4.70613e-05   0.0032771     0.000478928   0.000742793   0.000519216   
0.0284085     0.00418723    0.0157302     0.00283618    0.669027      0.280384      0.00639322    0.0013382     0.10498       0.0576894     0.0319456     0.0129966     
0.0161926     0.00285222    0.026766      0.00409807    0.280384      0.670006      0.0178376     0.00302933    0.366481      0.0328623     0.0543913     0.036284      
0.000456436   9.79728e-05   0.00136222    0.000255461   0.00639322    0.0178376     0.00195841    0.000294939   0.0239647     0.000925752   0.00276522    0.00398251    
0.00010073    2.09071e-05   0.000256593   4.70613e-05   0.0013382     0.00302933    0.000294939   4.85292e-05   0.00337933    0.000204296   0.000520763   0.000599452   
0.00715098    0.00145584    0.0193821     0.0032771     0.10498       0.366481      0.0239647     0.00337933    0.711241      0.0145062     0.039369      0.048781      
0.00499935    0.000792774   0.00244264    0.000478928   0.0576894     0.0328623     0.000925752   0.000204296   0.0145062     0.0101437     0.00495818    0.00188164    
0.0024443     0.000468201   0.00462826    0.000742793   0.0319456     0.0543913     0.00276522    0.000520763   0.039369      0.00495818    0.00939752    0.00562133    
0.00092773    0.000199128   0.00276922    0.000519216   0.0129966     0.036284      0.00398251    0.000599452   0.048781      0.00188164    0.00562133    0.00809865    


||------- RB_F (1)  -----------------------------------------||

0.0257026      0.0445192      0.00785677     0.0109283      0.0191053      0.0130005      0.00131016     0.00129096     0.00661758     0.0273108      0.00888094     0.00176515    


||------- RB_F (2)  -----------------------------------------||

0.00725573     0.00985952     0.0218154      0.0402223      0.0116621      0.0168617      0.00987585     0.0143371      0.0134827      0.00819591     0.0231888      0.0108968     


||------- RB_F (3)  -----------------------------------------||

0.000849829    0.000814454    0.00693654     0.0100256      0.00384077     0.00871796     0.0148747      0.0281146      0.00973085     0.00114265     0.00764272     0.0156487     


||------- RB_F (4)  -----------------------------------------||

0.0246287      0.0114157      0.00595053     0.00357195     0.0575128      0.0327752      0.00122245     0.000598285    0.0144659      0.0295798      0.00843275     0.00217525    


||------- RB_F (5)  -----------------------------------------||

0.00549531     0.00322262     0.0224356      0.009918       0.0294042      0.0500401      0.00724959     0.00450979     0.0362274      0.00778232     0.0266707      0.00984812    


||------- RB_F (6)  -----------------------------------------||

0.000792942    0.000377453    0.00509191     0.00315358     0.00839286     0.0234196      0.01536        0.00679249     0.0314709      0.00140804     0.00690704     0.0179257     


||------- RB_F (7)  -----------------------------------------||

0.00202284     0.000298506    0.00112072     0.000202191    0.0474115      0.0199194      0.000455691    9.54013e-05    0.00747571     0.00410775     0.002276       0.00092636    


||------- RB_F (8)  -----------------------------------------||

0.00103499     0.000182417    0.00170981     0.000262096    0.0178702      0.0425935      0.00113993     0.000193744    0.0233401      0.00210045     0.00347448     0.00231876    


||------- RB_F (9)  -----------------------------------------||

0.00029558     6.01872e-05    0.000800656    0.000135479    0.00433523     0.0150871      0.000989323    0.000139705    0.0292087      0.000599601    0.00162629     0.00201378    


||------- RB_InnerProduct  ----------------------------------||

1             0.546028      0.18398       0.161529      0.0716321     0.0433657     0.0175438     0.0216415     0.0201878     0.997233      0.185924      0.018866      
0.546028      1             0.157803      0.245952      0.0221242     0.0156655     0.0210492     0.0284228     0.00808858    0.543001      0.157773      0.0215082     
0.18398       0.157803      1             0.513217      0.0421642     0.0680896     0.264643      0.226694      0.0501981     0.185798      0.997428      0.266619      
0.161529      0.245952      0.513217      1             0.0155535     0.0218329     0.225694      0.358348      0.0176017     0.161386      0.510738      0.225485      
0.0716321     0.0221242     0.0421642     0.0155535     1             0.512399      0.0183602     0.00755049    0.228065      0.13106       0.0770879     0.0334293     
0.0433657     0.0156655     0.0680896     0.0218329     0.512399      1             0.0463652     0.0163682     0.629364      0.0792624     0.12452       0.0851696     
0.0175438     0.0210492     0.264643      0.225694      0.0183602     0.0463652     1             0.505781      0.0592075     0.018832      0.266233      0.997815      
0.0216415     0.0284228     0.226694      0.358348      0.00755049    0.0163682     0.505781      1             0.0176287     0.0220714     0.226162      0.503644      
0.0201878     0.00808858    0.0501981     0.0176017     0.228065      0.629364      0.0592075     0.0176287     1             0.0369666     0.0922299     0.108558      
0.997233      0.543001      0.185798      0.161386      0.13106       0.0792624     0.018832      0.0220714     0.0369666     1             0.19055       0.0212701     
0.185924      0.157773      0.997428      0.510738      0.0770879     0.12452       0.266233      0.226162      0.0922299     0.19055       1             0.271342      
0.018866      0.0215082     0.266619      0.225485      0.0334293     0.0851696     0.997815      0.503644      0.108558      0.0212701     0.271342      1             

||=====================================================================||
||=====================================================================||
||=========      OFFLINE TRAINING  (WEAK)            ================||
||=====================================================================||
||=====================================================================||

Starting with N = 12

Training Parameters: 
[     0.010000000000     0.000000000000] 
[     0.010000000000     0.125000000000] 
[     0.010000000000     0.250000000000] 
[     0.010000000000     0.375000000000] 
[     0.010000000000     0.500000000000] 
[     0.010000000000     0.625000000000] 
[     0.010000000000     0.750000000000] 
[     0.010000000000     0.875000000000] 
[     0.010000000000     1.000000000000] 
[     0.014384498883     0.000000000000] 
[     0.014384498883     0.125000000000] 
[     0.014384498883     0.250000000000] 
[     0.014384498883     0.375000000000] 
[     0.014384498883     0.500000000000] 
[     0.014384498883     0.625000000000] 
[     0.014384498883     0.750000000000] 
[     0.014384498883     0.875000000000] 
[     0.014384498883     1.000000000000] 
[     0.020691380811     0.000000000000] 
[     0.020691380811     0.125000000000] 
[     0.020691380811     0.250000000000] 
[     0.020691380811     0.375000000000] 
[     0.020691380811     0.500000000000] 
[     0.020691380811     0.625000000000] 
[     0.020691380811     0.750000000000] 
[     0.020691380811     0.875000000000] 
[     0.020691380811     1.000000000000] 
[     0.029763514416     0.000000000000] 
[     0.029763514416     0.125000000000] 
[     0.029763514416     0.250000000000] 
[     0.029763514416     0.375000000000] 
[     0.029763514416     0.500000000000] 
[     0.029763514416     0.625000000000] 
[     0.029763514416     0.750000000000] 
[     0.029763514416     0.875000000000] 
[     0.029763514416     1.000000000000] 
[     0.042813323987     0.000000000000] 
[     0.042813323987     0.125000000000] 
[     0.042813323987     0.250000000000] 
[     0.042813323987     0.375000000000] 
[     0.042813323987     0.500000000000] 
[     0.042813323987     0.625000000000] 
[     0.042813323987     0.750000000000] 
[     0.042813323987     0.875000000000] 
[     0.042813323987     1.000000000000] 
[     0.061584821107     0.000000000000] 
[     0.061584821107     0.125000000000] 
[     0.061584821107     0.250000000000] 
[     0.061584821107     0.375000000000] 
[     0.061584821107     0.500000000000] 
[     0.061584821107     0.625000000000] 
[     0.061584821107     0.750000000000] 
[     0.061584821107     0.875000000000] 
[     0.061584821107     1.000000000000] 
[     0.088586679041     0.000000000000] 
[     0.088586679041     0.125000000000] 
[     0.088586679041     0.250000000000] 
[     0.088586679041     0.375000000000] 
[     0.088586679041     0.500000000000] 
[     0.088586679041     0.625000000000] 
[     0.088586679041     0.750000000000] 
[     0.088586679041     0.875000000000] 
[     0.088586679041     1.000000000000] 
[     0.127427498570     0.000000000000] 
[     0.127427498570     0.125000000000] 
[     0.127427498570     0.250000000000] 
[     0.127427498570     0.375000000000] 
[     0.127427498570     0.500000000000] 
[     0.127427498570     0.625000000000] 
[     0.127427498570     0.750000000000] 
[     0.127427498570     0.875000000000] 
[     0.127427498570     1.000000000000] 
[     0.183298071083     0.000000000000] 
[     0.183298071083     0.125000000000] 
[     0.183298071083     0.250000000000] 
[     0.183298071083     0.375000000000] 
[     0.183298071083     0.500000000000] 
[     0.183298071083     0.625000000000] 
[     0.183298071083     0.750000000000] 
[     0.183298071083     0.875000000000] 
[     0.183298071083     1.000000000000] 
[     0.263665089873     0.000000000000] 
[     0.263665089873     0.125000000000] 
[     0.263665089873     0.250000000000] 
[     0.263665089873     0.375000000000] 
[     0.263665089873     0.500000000000] 
[     0.263665089873     0.625000000000] 
[     0.263665089873     0.750000000000] 
[     0.263665089873     0.875000000000] 
[     0.263665089873     1.000000000000] 
[     0.379269019073     0.000000000000] 
[     0.379269019073     0.125000000000] 
[     0.379269019073     0.250000000000] 
[     0.379269019073     0.375000000000] 
[     0.379269019073     0.500000000000] 
[     0.379269019073     0.625000000000] 
[     0.379269019073     0.750000000000] 
[     0.379269019073     0.875000000000] 
[     0.379269019073     1.000000000000] 
[     0.545559478117     0.000000000000] 
[     0.545559478117     0.125000000000] 
[     0.545559478117     0.250000000000] 
[     0.545559478117     0.375000000000] 
[     0.545559478117     0.500000000000] 
[     0.545559478117     0.625000000000] 
[     0.545559478117     0.750000000000] 
[     0.545559478117     0.875000000000] 
[     0.545559478117     1.000000000000] 
[     0.784759970351     0.000000000000] 
[     0.784759970351     0.125000000000] 
[     0.784759970351     0.250000000000] 
[     0.784759970351     0.375000000000] 
[     0.784759970351     0.500000000000] 
[     0.784759970351     0.625000000000] 
[     0.784759970351     0.750000000000] 
[     0.784759970351     0.875000000000] 
[     0.784759970351     1.000000000000] 
[     1.128837891685     0.000000000000] 
[     1.128837891685     0.125000000000] 
[     1.128837891685     0.250000000000] 
[     1.128837891685     0.375000000000] 
[     1.128837891685     0.500000000000] 
[     1.128837891685     0.625000000000] 
[     1.128837891685     0.750000000000] 
[     1.128837891685     0.875000000000] 
[     1.128837891685     1.000000000000] 
[     1.623776739189     0.000000000000] 
[     1.623776739189     0.125000000000] 
[     1.623776739189     0.250000000000] 
[     1.623776739189     0.375000000000] 
[     1.623776739189     0.500000000000] 
[     1.623776739189     0.625000000000] 
[     1.623776739189     0.750000000000] 
[     1.623776739189     0.875000000000] 
[     1.623776739189     1.000000000000] 
[     2.335721469090     0.000000000000] 
[     2.335721469090     0.125000000000] 
[     2.335721469090     0.250000000000] 
[     2.335721469090     0.375000000000] 
[     2.335721469090     0.500000000000] 
[     2.335721469090     0.625000000000] 
[     2.335721469090     0.750000000000] 
[     2.335721469090     0.875000000000] 
[     2.335721469090     1.000000000000] 
[     3.359818286284     0.000000000000] 
[     3.359818286284     0.125000000000] 
[     3.359818286284     0.250000000000] 
[     3.359818286284     0.375000000000] 
[     3.359818286284     0.500000000000] 
[     3.359818286284     0.625000000000] 
[     3.359818286284     0.750000000000] 
[     3.359818286284     0.875000000000] 
[     3.359818286284     1.000000000000] 
[     4.832930238572     0.000000000000] 
[     4.832930238572     0.125000000000] 
[     4.832930238572     0.250000000000] 
[     4.832930238572     0.375000000000] 
[     4.832930238572     0.500000000000] 
[     4.832930238572     0.625000000000] 
[     4.832930238572     0.750000000000] 
[     4.832930238572     0.875000000000] 
[     4.832930238572     1.000000000000] 
[     6.951927961776     0.000000000000] 
[     6.951927961776     0.125000000000] 
[     6.951927961776     0.250000000000] 
[     6.951927961776     0.375000000000] 
[     6.951927961776     0.500000000000] 
[     6.951927961776     0.625000000000] 
[     6.951927961776     0.750000000000] 
[     6.951927961776     0.875000000000] 
[     6.951927961776     1.000000000000] 
[    10.000000000000     0.000000000000] 
[    10.000000000000     0.125000000000] 
[    10.000000000000     0.250000000000] 
[    10.000000000000     0.375000000000] 
[    10.000000000000     0.500000000000] 
[    10.000000000000     0.625000000000] 
[    10.000000000000     0.750000000000] 
[    10.000000000000     0.875000000000] 
[    10.000000000000     1.000000000000] 

||---------------------------------------------------------------------||
||-------------- Greedy Search for new parameter  ---------------------||
||---------------------------------------------------------------------||

RB solution: 18 cg iterations
 res_dual_norm = 0.000051753129
    u_N = 
-0.000001780515  4.517916094913  0.000000470050  0.000000405226  -0.000000070597  0.000000009503  0.000001398791  -0.000000258683  0.000000030788  0.000001565702  -0.000000229714  -0.000001173938 
    Mu = [     0.010000000000     0.000000000000]  : Error = 5.175312933873e-03
RB solution: 17 cg iterations
 res_dual_norm = 4.493271387742e-05
    u_N = 
1.645803866835e-06  1.300917056742e-07  -1.783876944883e-06  4.076064938707e+00  4.098329908780e-08  -2.797158628039e-08  3.721780057735e-06  2.396279517630e-08  1.535061034295e-07  -1.182967423494e-06  1.173899657469e-06  -3.114098946232e-06 
    Mu = [     0.010000000000     0.125000000000]  : Error = 4.493271387742e-03
RB solution: 17 cg iterations
 res_dual_norm = 4.013004113761e-05
    u_N = 
1.211869650659e-06  -9.209100873077e-09  2.246421115598e-06  -2.741979572707e-07  -8.584652895749e-09  -6.062120750494e-08  -6.093068710419e-06  2.850289436164e+00  -6.364168834036e-08  -4.426971279381e-07  -1.075160697487e-06  3.937440570566e-06 
    Mu = [     0.010000000000     0.250000000000]  : Error = 4.013004113761e-03
RB solution: 18 cg iterations
 res_dual_norm = 3.697825181726e-05
    u_N = 
2.006618471379e+00  -5.529037400606e-07  -2.460879400851e-06  3.274822877704e-07  -1.827544008289e-08  -1.209427803419e-07  2.099767895818e-07  1.160951387648e-06  2.855507155641e-08  1.146239234005e-08  3.631539318433e-06  -1.717894334696e-06 
    Mu = [     0.010000000000     0.375000000000]  : Error = 3.697825181726e-03
RB solution: 17 cg iterations
 res_dual_norm = 3.164342901986e-05
    u_N = 
1.041565616801e-07  6.006390168377e-07  1.853115386333e+00  -1.207967614838e-06  1.018055566905e-08  -1.713740410186e-08  -4.361556785541e-06  1.497468942575e-06  -5.246659457931e-08  5.677640264094e-09  -1.023339397131e-06  3.183709921677e-06 
    Mu = [     0.010000000000     0.500000000000]  : Error = 3.164342901986e-03
RB solution: 18 cg iterations
 res_dual_norm = 2.843918456704e-05
    u_N = 
8.441233168520e-07  2.119612754002e-07  -4.934071821522e-06  1.915943463263e-06  -9.358636329258e-09  -1.170447899045e-07  1.301579857953e+00  -1.949729944191e-06  4.893540586982e-09  -3.230528962235e-07  3.168967336518e-06  -1.250200362897e-06 
    Mu = [     0.010000000000     0.625000000000]  : Error = 2.843918456704e-03
RB solution: 15 cg iterations
 res_dual_norm = 2.381966072677e-05
    u_N = 
-8.980458078757e-05  1.709970774896e-05  1.806807458085e-04  -2.385486968736e-05  7.058337059977e-02  2.804015376221e-07  4.529761316609e-05  1.177450365698e-06  -5.052665689868e-07  4.837576246229e-05  -9.785509737131e-05  -8.695482352912e-06 
    Mu = [     0.010000000000     0.750000000000]  : Error = 2.381966072677e-03
RB solution: 14 cg iterations
 res_dual_norm = 3.492667147004e-05
    u_N = 
1.673223568035e-04  -2.723995856385e-05  -1.050308563443e-04  2.676281830301e-05  -2.650240054531e-07  6.332226717072e-02  1.612561032193e-04  -3.300763084677e-05  8.945720756472e-08  -7.839582076665e-05  5.556758710061e-05  -8.198452950076e-05 
    Mu = [     0.010000000000     0.875000000000]  : Error = 3.492667147004e-03
RB solution: 14 cg iterations
 res_dual_norm = 2.692586220862e-05
    u_N = 
7.323647463509e-05  -3.831639409461e-06  1.360078741377e-04  -2.334874472103e-05  -2.730189677043e-07  2.069098999878e-07  -1.245379877039e-04  1.982223111393e-05  4.093166559341e-02  -2.924557130127e-05  -7.292482466384e-05  6.498130757096e-05 
    Mu = [     0.010000000000     1.000000000000]  : Error = 2.692586220862e-03
RB solution: 17 cg iterations
 res_dual_norm = 2.148645135328e-03
    u_N = 
-2.056388004557e-01  3.141087734084e+00  -3.598710561586e-02  5.432794535962e-05  -1.402589497017e-03  -3.175264029321e-04  7.166584620324e-04  -1.072594192982e-06  -1.620406981606e-05  2.074770315897e-01  3.626579843735e-02  -7.268782861635e-04 
    Mu = [     0.014384498883     0.000000000000]  : Error = 1.493722619622e-01
RB solution: 17 cg iterations
 res_dual_norm = 1.836134476109e-03
    u_N = 
-3.896325949265e-02  5.968903151860e-05  -1.529121951595e-01  2.833835892454e+00  -3.538938339460e-04  -9.658731156874e-04  -5.125364046392e-02  7.551176967284e-05  -3.940418111318e-04  3.929248324732e-02  1.541825250919e-01  5.158381145150e-02 
    Mu = [     0.014384498883     0.125000000000]  : Error = 1.276467460604e-01
RB solution: 17 cg iterations
 res_dual_norm = 1.237306941640e-03
    u_N = 
5.562651117024e-04  -6.679996574005e-07  -3.650547991651e-02  5.564136643511e-05  -1.394028989907e-05  -3.050664095640e-04  -1.077348734071e-01  1.981627796477e+00  -6.159007198576e-04  -5.643746412440e-04  3.679138384942e-02  1.084791421249e-01 
    Mu = [     0.014384498883     0.250000000000]  : Error = 8.601668724890e-02
RB solution: 18 cg iterations
 res_dual_norm = 5.387656100699e-05
    u_N = 
8.192790354497e-01  1.832012535825e-06  -1.346225975115e-04  1.869187773019e-06  -2.465687647109e-05  -2.275711852526e-06  1.851078803668e-05  9.649867646664e-07  1.337414970735e-07  5.811918411376e-01  1.351267209926e-04  -1.886333773058e-05 
    Mu = [     0.014384498883     0.375000000000]  : Error = 3.745459709488e-03
RB solution: 17 cg iterations
 res_dual_norm = 4.528141245500e-05
    u_N = 
-1.373020228066e-04  1.242671137532e-06  7.567460728422e-01  9.022710430926e-07  -2.435979057622e-06  -1.992378571424e-05  -2.004880064386e-04  3.335931301689e-06  -3.038105857212e-06  1.377956735872e-04  5.362236409501e-01  1.982082880666e-04 
    Mu = [     0.014384498883     0.500000000000]  : Error = 3.147931173946e-03
RB solution: 17 cg iterations
 res_dual_norm = 5.282822721159e-05
    u_N = 
2.681508780581e-05  5.349116569946e-07  -1.819227482317e-04  6.701745814898e-06  2.048102374106e-07  -2.426736111705e-06  5.315960958344e-01  -8.188953633045e-06  -1.157868904164e-05  -2.363249150624e-05  1.752307241670e-04  3.760210477026e-01 
    Mu = [     0.014384498883     0.625000000000]  : Error = 3.672580299233e-03
RB solution: 16 cg iterations
 res_dual_norm = 3.912173406024e-05
    u_N = 
2.878176360653e-03  1.288893806681e-05  6.717702777071e-04  -2.354166111102e-05  7.060367994088e-02  4.480207098739e-06  6.177707069832e-05  -7.189840638548e-08  1.188744736200e-07  -2.945063299066e-03  -5.956029971450e-04  -2.201704839472e-05 
    Mu = [     0.014384498883     0.750000000000]  : Error = 2.719714769266e-03
RB solution: 16 cg iterations
 res_dual_norm = 4.378127139565e-05
    u_N = 
7.343970864238e-04  -2.869884480179e-05  2.095838915604e-03  2.407341948609e-05  5.015045756834e-06  6.333615480561e-02  8.914907976147e-04  -3.363171215693e-05  5.627105645823e-06  -6.490189702798e-04  -2.163448907676e-03  -8.179585942088e-04 
    Mu = [     0.014384498883     0.875000000000]  : Error = 3.043642448175e-03
RB solution: 16 cg iterations
 res_dual_norm = 3.237913543333e-05
    u_N = 
7.614743215468e-05  -4.539473003729e-06  6.473383995166e-04  -2.356507225620e-05  1.548040069011e-07  4.395749220660e-06  1.433963122415e-03  1.768046463559e-05  4.094061116601e-02  -3.055472385238e-05  -5.898011207669e-04  -1.503437848290e-03 
    Mu = [     0.014384498883     1.000000000000]  : Error = 2.250974169971e-03
RB solution: 17 cg iterations
 res_dual_norm = 3.620886460690e-03
    u_N = 
-3.464210640004e-01  2.183787422573e+00  -6.058450078089e-02  6.372894145402e-05  -2.363239346198e-03  -5.351258832704e-04  1.213580537862e-03  -1.039514570413e-06  -2.736703111593e-05  3.495802066517e-01  6.107297065521e-02  -1.228896681581e-03 
    Mu = [     0.020691380811     0.000000000000]  : Error = 1.749949166630e-01
RB solution: 17 cg iterations
 res_dual_norm = 3.094241691413e-03
    u_N = 
-6.559403024790e-02  6.996816605019e-05  -2.576323034867e-01  1.970150600865e+00  -5.964168357196e-04  -1.627473622769e-03  -8.628944324002e-02  8.812069143579e-05  -6.639959771665e-04  6.616902505204e-02  2.598140239290e-01  8.687007712090e-02 
    Mu = [     0.020691380811     0.125000000000]  : Error = 1.495425423588e-01
RB solution: 17 cg iterations
 res_dual_norm = 2.085245454727e-03
    u_N = 
9.429469300339e-04  -6.405983897022e-07  -6.146924031921e-02  6.598045000054e-05  -2.352295620332e-05  -5.140879640420e-04  -1.815023010948e-01  1.377672664483e+00  -1.037420150368e-03  -9.555920591749e-04  6.196783110305e-02  1.827853449626e-01 
    Mu = [     0.020691380811     0.250000000000]  : Error = 1.007784581300e-01
RB solution: 16 cg iterations
 res_dual_norm = 5.761385762071e-05
    u_N = 
3.984042231266e-05  -3.917303674642e-06  -2.356896881335e-05  1.928900148722e-06  1.021762278854e-06  -1.970698638074e-07  1.309738929952e-05  9.396510276189e-07  2.313827662183e-08  9.789857558558e-01  2.286586318557e-05  -1.233686568831e-05 
    Mu = [     0.020691380811     0.375000000000]  : Error = 2.784437546559e-03
RB solution: 17 cg iterations
 res_dual_norm = 4.388007808917e-05
    u_N = 
-1.108514552118e-05  5.548982414238e-07  3.921859763037e-05  -3.185292808716e-06  -1.250866423452e-07  5.930496922560e-07  -3.097832637757e-05  3.102423906948e-06  -3.036567178557e-07  1.080393791600e-05  9.034756374223e-01  2.699960904252e-05 
    Mu = [     0.020691380811     0.500000000000]  : Error = 2.120693562681e-03
RB solution: 17 cg iterations
 res_dual_norm = 8.103956294387e-05
    u_N = 
3.447941884165e-05  8.183053040852e-07  -1.066717686489e-04  8.897845077210e-06  1.887256732101e-07  -4.515013294970e-07  2.076578636413e-04  -1.629984245117e-05  3.665428769204e-06  -2.933441037740e-05  9.584519177200e-05  6.335026752004e-01 
    Mu = [     0.020691380811     0.625000000000]  : Error = 3.916585542721e-03
RB solution: 16 cg iterations
 res_dual_norm = 7.875007973163e-05
    u_N = 
7.087975196295e-03  1.028940765095e-05  1.407789739243e-03  -2.408406086075e-05  7.063239077364e-02  1.099242683324e-05  4.690760274080e-05  -7.061145412048e-08  4.513477954258e-07  -7.193788035389e-03  -1.337717856257e-03  -6.974204095732e-06 
    Mu = [     0.020691380811     0.750000000000]  : Error = 3.805936416249e-03
RB solution: 16 cg iterations
 res_dual_norm = 7.292903084593e-05
    u_N = 
1.531254348408e-03  -2.929523367837e-05  5.226766138889e-03  2.224704987737e-05  1.227443685068e-05  6.335591218083e-02  1.939904281069e-03  -3.437138479695e-05  1.370996620755e-05  -1.453032250414e-03  -5.321237901874e-03  -1.873634396309e-03 
    Mu = [     0.020691380811     0.875000000000]  : Error = 3.524609184450e-03
RB solution: 16 cg iterations
 res_dual_norm = 5.104584863912e-05
    u_N = 
6.466146944007e-05  -4.541813376497e-06  1.394150675023e-03  -2.413422419807e-05  4.424034256119e-07  1.065261253130e-05  3.639584120473e-03  1.645777985903e-05  4.095319741561e-02  -1.892212277386e-05  -1.342817092688e-03  -3.724904879953e-03 
    Mu = [     0.020691380811     1.000000000000]  : Error = 2.467010254416e-03
RB solution: 17 cg iterations
 res_dual_norm = 4.614672983613e-03
    u_N = 
-4.413148783641e-01  1.518211919910e+00  -7.712009408730e-02  5.668995165916e-05  -3.010641555997e-03  -6.819104687228e-04  1.555487053017e-03  -7.303469625356e-07  -3.495463328811e-05  4.453946507745e-01  7.775905027858e-02  -1.573266327001e-03 
    Mu = [     0.029763514416     0.000000000000]  : Error = 1.550446267556e-01
RB solution: 17 cg iterations
 res_dual_norm = 3.943556229404e-03
    u_N = 
-8.349427630100e-02  6.207339661488e-05  -3.282603452506e-01  1.369676129151e+00  -7.599854951899e-04  -2.073420789546e-03  -1.098409741436e-01  7.763000963251e-05  -8.458481934896e-04  8.424472259972e-02  3.310766707120e-01  1.106022277838e-01 
    Mu = [     0.029763514416     0.125000000000]  : Error = 1.324963233254e-01
RB solution: 17 cg iterations
 res_dual_norm = 2.658235069973e-03
    u_N = 
1.210541261025e-03  -3.887655205403e-07  -7.826396279519e-02  5.936863122371e-05  -3.002958810666e-05  -6.551019375166e-04  -2.312383602084e-01  9.577746654479e-01  -1.321081744721e-03  -1.225526784814e-03  7.891438552796e-02  2.328981071471e-01 
    Mu = [     0.029763514416     0.250000000000]  : Error = 8.931186797338e-02
RB solution: 17 cg iterations
 res_dual_norm = 1.373637150225e-04
    u_N = 
-5.607531723846e-01  -1.132559967818e-05  3.356698659690e-04  1.423262069303e-06  7.930818086468e-05  6.298466367984e-06  -1.608855190716e-05  8.749379150853e-07  -2.891744857113e-07  1.246711409251e+00  -3.392953973646e-04  1.763396005230e-05 
    Mu = [     0.029763514416     0.375000000000]  : Error = 4.615171216044e-03
RB solution: 17 cg iterations
 res_dual_norm = 1.171776238115e-04
    u_N = 
3.849120689925e-04  -4.706456778569e-07  -5.182780947124e-01  -8.620935681162e-06  7.126932554195e-06  6.338781795555e-05  5.120098027297e-04  2.209276772812e-06  8.365888585942e-06  -3.881174634255e-04  1.150979303665e+00  -5.196388218670e-04 
    Mu = [     0.029763514416     0.500000000000]  : Error = 3.936955232252e-03
RB solution: 16 cg iterations
 res_dual_norm = 1.366832428624e-04
    u_N = 
2.534412513038e-05  1.035909211326e-06  2.213911391537e-04  9.837034870432e-06  -2.372231995159e-08  5.966275921142e-06  -3.637052989690e-01  -2.361744958317e-05  4.714617812795e-05  -1.868716322312e-05  -2.369437820557e-04  8.069573228432e-01 
    Mu = [     0.029763514416     0.625000000000]  : Error = 4.592308587977e-03
RB solution: 16 cg iterations
 res_dual_norm = 1.395494513691e-04
    u_N = 
1.305495699022e-02  8.547304106045e-06  2.449715226609e-03  -2.445647351906e-05  7.067308174871e-02  2.022639922329e-05  2.562312928762e-05  -7.380521323865e-08  9.245111558054e-07  -1.321683138595e-02  -2.388552875658e-03  1.452501001532e-05 
    Mu = [     0.029763514416     0.750000000000]  : Error = 4.688607985508e-03
RB solution: 16 cg iterations
 res_dual_norm = 1.224697895216e-04
    u_N = 
2.659233063904e-03  -2.970009234678e-05  9.665781939799e-03  2.100863099867e-05  2.256708022152e-05  6.338391588355e-02  3.424025736366e-03  -3.486035217528e-05  2.516370144161e-05  -2.591446431045e-03  -9.798927649858e-03  -3.368399143360e-03 
    Mu = [     0.029763514416     0.875000000000]  : Error = 4.114762383521e-03
RB solution: 16 cg iterations
 res_dual_norm = 8.382613637914e-05
    u_N = 
4.817380391746e-05  -4.547437451463e-06  2.451736318724e-03  -2.453873817965e-05  8.513991988956e-07  1.952480458640e-05  6.766237186951e-03  1.567055021694e-05  4.097102295604e-02  -2.248436553157e-06  -2.409444424853e-03  -6.874411090797e-03 
    Mu = [     0.029763514416     1.000000000000]  : Error = 2.816405858752e-03
RB solution: 16 cg iterations
 res_dual_norm = 5.263753717222e-03
    u_N = 
-5.031594481791e-01  1.055476189041e+00  -8.784045483817e-02  4.523928773732e-05  -3.432033967206e-03  -7.776592655399e-04  1.786500320713e-03  -3.791481867218e-07  -3.998884865084e-05  5.078547415387e-01  8.858184927362e-02  -1.805417055594e-03 
    Mu = [     0.042813323987     0.000000000000]  : Error = 1.229466256532e-01
RB solution: 16 cg iterations
 res_dual_norm = 4.498376007194e-03
    u_N = 
