
1.2712716103527683664253800088772550225258e+00 3.0487021262285486948237500648417608317686e-04 -1.4716799423610605210301896176298313070885e-10 3.0487021262285438159139738800718077982310e-04 -8.3102756810434666683046905661519376806723e-08 -2.3953295943167839468554974912910652784347e-14 -1.4716799423610364810936372952630303567734e-10 -2.3953295943168404292963113157363327581999e-14 -1.8845122350459720749644506287067683195697e-19 
3.0487021262285486948237500648417608317686e-04 1.8292793152934490041872095389408059418201e+00 1.5408781037832999620540430640858176047914e-04 -1.1566343759583926696398070872989077839676e-08 2.9820426392784875292349400233149481209693e-04 -7.6674515964738152003681768932238926872458e-09 -2.3172186042347462185703835890334190374042e-14 -1.9701988073072214144329315749877215568908e-10 -3.9377191261029156777012611982505528979398e-15 
-1.4716799423610605210301896176298313070885e-10 1.5408781037832999620540430640858176047914e-04 1.9381936923823559482116252183914184570312e+00 -2.3172186042350747002513176183491924811788e-14 -2.2977352303503952972290943633677795521209e-08 3.2726759719606122100640788197267738723895e-04 4.8777531200365360285518617467098247423227e-19 -3.0350096070427522172496808504650999742992e-15 -1.6468064301296350656802363396759378982859e-10 
3.0487021262285438159139738800718077982310e-04 -1.1566343759583926696398070872989077839676e-08 -2.3172186042350747002513176183491924811788e-14 1.8292793152934487821426046139094978570938e+00 2.9820426392785054185707860341381092439406e-04 -1.9701988073332127217490548186379232045717e-10 1.5408781037832912884366631800503455451690e-04 -7.6674515964747945822134396779909404351372e-09 -3.9377191261027011075350410830394809077700e-15 
-8.3102756810434666683046905661519376806723e-08 2.9820426392784875292349400233149481209693e-04 -2.2977352303503952972290943633677795521209e-08 2.9820426392785054185707860341381092439406e-04 2.7545250757345356440453087998321279883385e+00 1.5844328184632468139309002808090554026421e-04 -2.2977352303503866945507238118799608894705e-08 1.5844328185108275683715128856476894725347e-04 -5.2833297858012980977225621874579161718621e-10 
-2.3953295943167839468554974912910652784347e-14 -7.6674515964738152003681768932238926872458e-09 3.2726759719606122100640788197267738723895e-04 -1.9701988073332127217490548186379232045717e-10 1.5844328184632468139309002808090554026421e-04 2.8673102673164403420003054634435102343559e+00 -3.0350096070434957186528516540917005284720e-15 4.5874747429180310895278047144448668737127e-09 1.8669725877076343489510690254462588200113e-04 
-1.4716799423610364810936372952630303567734e-10 -2.3172186042347462185703835890334190374042e-14 4.8777531200365360285518617467098247423227e-19 1.5408781037832912884366631800503455451690e-04 -2.2977352303503866945507238118799608894705e-08 -3.0350096070434957186528516540917005284720e-15 1.9381936923823566143454399934853427112103e+00 3.2726759719606338941075285298154540214455e-04 -1.6468064301296154201406882052686597023294e-10 
-2.3953295943168404292963113157363327581999e-14 -1.9701988073072214144329315749877215568908e-10 -3.0350096070427522172496808504650999742992e-15 -7.6674515964747945822134396779909404351372e-09 1.5844328185108275683715128856476894725347e-04 4.5874747429180310895278047144448668737127e-09 3.2726759719606338941075285298154540214455e-04 2.8673102673164381215542562131304293870926e+00 1.8669725877076297410918359620524142883369e-04 
-1.8845122350459720749644506287067683195697e-19 -3.9377191261029156777012611982505528979398e-15 -1.6468064301296350656802363396759378982859e-10 -3.9377191261027011075350410830394809077700e-15 -5.2833297858012980977225621874579161718621e-10 1.8669725877076343489510690254462588200113e-04 -1.6468064301296154201406882052686597023294e-10 1.8669725877076297410918359620524142883369e-04 2.9878471337727359191660525539191439747810e+00 

