
9.9999999999998978594817344855982810258865e-01 -9.9970992192640506512901765745482407510281e-01 -9.9970992192641938700603532197419553995132e-01 -9.9970992192640772966427675783052109181881e-01 -9.9970992192639640538942558123380877077579e-01 -9.9970992192642349483122643505339510738850e-01 
-9.9970992192640506512901765745482407510281e-01 1.0000000000000108801856413265340961515903e+00 1.0000000000000250910403565285378135740757e+00 1.0000000000000135447209004269097931683064e+00 1.0000000000000024424906541753443889319897e+00 1.0000000000000295319324550291639752686024e+00 
-9.9970992192641938700603532197419553995132e-01 1.0000000000000250910403565285378135740757e+00 9.9999999999994704236172538003302179276943e-01 9.9999999999993571808687420343630947172642e-01 9.9999999999992461585662795187090523540974e-01 9.9999999999995148325382388065918348729610e-01 
-9.9970992192640772966427675783052109181881e-01 1.0000000000000135447209004269097931683064e+00 9.9999999999993571808687420343630947172642e-01 1.0000000000000168753899743023794144392014e+00 1.0000000000000055511151231257827021181583e+00 1.0000000000000328626015289046335965394974e+00 
-9.9970992192639640538942558123380877077579e-01 1.0000000000000024424906541753443889319897e+00 9.9999999999992461585662795187090523540974e-01 1.0000000000000055511151231257827021181583e+00 9.9999999999996946886682280819513835012913e-01 9.9999999999999611421941381195210851728916e-01 
-9.9970992192642349483122643505339510738850e-01 1.0000000000000295319324550291639752686024e+00 9.9999999999995148325382388065918348729610e-01 1.0000000000000328626015289046335965394974e+00 9.9999999999999611421941381195210851728916e-01 1.0000000000000244249065417534438893198967e+00 

